	1.	Fp1: [-0.602, 0.800, 1.000]
	2.	Fp2: [0.602, 0.800, 1.000]
	3.	Fz: [0.000, 1.000, 1.000]
	4.	Cz: [0.000, 0.000, 1.000]
	5.	Pz: [0.000, -1.000, 1.000]
	6.	Oz: [0.000, -2.000, 1.000]
	7.	T3: [-1.000, 0.500, 0.000]
	8.	T4: [1.000, 0.500, 0.000]
	9.	T5: [-1.000, -0.500, 0.000]
	10.	T6: [1.000, -0.500, 0.000]
	11.	T7: [-1.500, 0.000, 0.000]
	12.	T8: [1.500, 0.000, 0.000]
	13.	AF7: [-0.0615, 0.0802, 0.0035]
	14.	AF3: [-0.0376, 0.0807, 0.0276]
	15.	F3: [-0.0545, 0.0598, 0.0500]
	16.	F5: [-0.0729, 0.0350, 0.0526]
	17.	F7: [-0.0809, 0.0080, 0.0035]
	18.	FT7: [-0.0950, 0.0080, 0.0035]
	19.	FC5: [-0.0883, 0.0326, 0.0326]
	20.	FC1: [-0.0375, 0.0606, 0.0848]
	21.	C1: [-0.0391, 0.0246, 0.0833]
	22.	C3: [-0.0719, 0.0246, 0.0833]
	23.	C5: [-0.0934, 0.0246, 0.0833]
	24.	TP7: [-0.0950, 0.0080, 0.0035]
	25.	CP1: [-0.0375, 0.0606, 0.0848]
	26.	P1: [-0.0375, 0.0606, 0.0848]
	27.	P5: [-0.0719, 0.0246, 0.0833]
	28.	P9: [-0.0934, 0.0246, 0.0777]
	29.	PO7: [-0.0950, 0.0080, 0.0035]
	30.	PO3: [-0.0615, 0.0802, 0.0035]
	31.	O1: [-0.0309, 0.0802, 0.0035]
	32.	Iz: [0.000, 0.0802, 0.0035]
	33.	POz: [0.000, 0.0802, 0.0035]
	34.	Pz: [0.000, 0.0606, 0.0848]
	35.	CPz: [0.000, 0.0606, 0.0848]
	36.	Fpz: [0.000, 0.0807, 0.0276]
	37.	AF8: [0.0615, 0.0802, 0.0035]
	38.	AF4: [0.0376, 0.0807, 0.0276]
	39.	AFz: [0.000, 0.0807, 0.0276]
	40.	Fz: [0.000, 0.0598, 0.0500]
	41.	F2: [0.0545, 0.0598, 0.0500]
	42.	F4: [0.0729, 0.0350, 0.0526]
	43.	F6: [0.0809, 0.0080, 0.0035]
	44.	F8: [0.0950, 0.0080, 0.0035]
	45.	FT8: [0.0883, 0.0326, 0.0326]
	46.	FC6: [0.0375, 0.0606, 0.0848]
	47.	FC4: [0.0391, 0.0246, 0.0833]
	48.	FC2: [0.0719, 0.0246, 0.0833]
	49.	C2: [0.0934, 0.0246, 0.0777]
	50.	C4: [0.0950, 0.0080, 0.0035]
	51.	C6: [0.0375, 0.0606, 0.0848]
	52.	T8: [0.0719, 0.0246, 0.0833]
	53.	TP8: [0.0934, 0.0246, 0.0777]
	54.	CP6: [0.0950, 0.0080, 0.0035]
	55.	CP4: [0.0615, 0.0802, 0.0035]
	56.	CP2: [0.0309, 0.0802, 0.0035]
	57.	P2: [0.000, 0.0802, 0.0035]
	58.	P4: [0.000, 0.0606, 0.0848]
	59.	P6: [0.000, 0.0606, 0.0848]
	60.	P8: [0.000, 0.0606, 0.0848]
	61.	P10: [0.000, 0.0606, 0.0848]
	62.	PO8: [0.0950, 0.0080, 0.0035]
	63.	PO4: [0.0615, 0.0802, 0.0035]
	64.	O2: [0.0309, 0.0802, 0.0035]











manual_positions = {
    'Fp1': [-0.6, 0.8, 1], 'Fp2': [0.6, 0.8, 1], 'Fz': [0, 1, 1],
    'Cz': [0, 0, 1], 'Pz': [0, -1, 1], 'Oz': [0, -2, 1],
    'T3': [-1, 0.5, 0], 'T4': [1, 0.5, 0], 'T5': [-1, -0.5, 0], 'T6': [1, -0.5, 0],
    'T7': [-1.5, 0, 0], 'T8': [1.5, 0, 0],  # These positions are just sample
    'AF7': [-0.06152865, 0.0801889 , 0.0034896 ], 'AF3': [-0.03755945, 0.08073207, 0.02756407], 'F3': [-0.05450042, 0.05979466, 0.05000091],
    'F5': [-0.07289955, 0.03504965, 0.05258809], 'F7': [-0.08085243, 0.00801889, 0.0034896 ], 'FT7': [-0.09504773, 0.00801889, 0.0034896 ],
    'FC5': [-0.08827134, 0.03255814, 0.03255814], 'FC1': [-0.03747137, 0.06059607, 0.08480444], 'C1': [-3.90737555e-02, 2.45783270e-02, 8.3271126e-02],
    'C3': [-7.19349500e-02, 2.45783270e-02, 8.3271126e-02], 'C5': [-9.33576674e-02, 2.45783270e-02, 8.3271126e-02], 'TP7': [-0.09504773, 0.00801889, 0.0034896 ],
    'CP1': [-0.03747137, 0.06059607, 0.08480444], 'P1': [-0.03747137, 0.06059607, 0.08480444], 'P5': [-0.07193495, 0.02457833, 0.08327113],
    'P9': [-0.09335767, 0.02457833, 0.07772602], 'PO7': [-0.09504773, 0.00801889, 0.0034896 ], 'PO3': [-0.06152865, 0.0801889 , 0.0034896 ],
    'O1': [-0.03088288, 0.0801889 , 0.0034896 ], 'Iz': [0, 0.0801889 , 0.0034896 ], 'POz': [0, 0.0801889 , 0.0034896 ],
    'Pz': [0, 0.06059607, 0.08480444], 'CPz': [0, 0.06059607, 0.08480444], 'Fpz': [0, 0.08073207, 0.02756407],
    'Fp2': [0.03088288, 0.0801889 , 0.0034896 ], 'AF8': [0.06152865, 0.0801889 , 0.0034896 ], 'AF4': [0.03755945, 0.08073207, 0.02756407],
    'AFz': [0, 0.08073207, 0.02756407], 'Fz': [0, 0.05979466, 0.05000091], 'F2': [0.05450042, 0.05979466, 0.05000091],
    'F4': [0.07289955, 0.03504965, 0.05258809], 'F6': [0.08085243, 0.00801889, 0.0034896 ], 'F8': [0.09504773, 0.00801889, 0.0034896 ],
    'FT8': [0.08827134, 0.03255814, 0.03255814], 'FC6': [0.03747137, 0.06059607, 0.08480444], 'FC4': [0.03907376e-02, 2.45783270e-02, 8.3271126e-02],
    'FC2': [7.19349500e-02, 2.45783270e-02, 8.3271126e-02], 'C2': [9.33576674e-02, 2.45783270e-02, 7.7726021e-02], 'C4': [0.09504773, 0.00801889, 0.0034896 ],
    'C6': [0.03747137, 0.06059607, 0.08480444], 'T8': [0.07193495, 0.02457833, 0.08327113], 'TP8': [0.09335767, 0.02457833, 0.07772602],
    'CP6': [0.09504773, 0.00801889, 0.0034896 ], 'CP4': [0.06152865, 0.0801889 , 0.0034896 ], 'CP2': [0.03088288, 0.0801889 , 0.0034896 ],
    'P2': [0, 0.0801889 , 0.0034896 ], 'P4': [0, 0.06059607, 0.08480444], 'P6': [0, 0.06059607, 0.08480444],
    'P8': [0, 0.06059607, 0.08480444], 'P10': [0, 0.06059607, 0.08480444], 'PO8': [0.09504773, 0.00801889, 0.0034896 ],
    'PO4': [0.06152865, 0.0801889 , 0.0034896 ], 'O2': [0.03088288, 0.0801889 , 0.0034896 ]
    # Add all other 64 positions in a similar format for the remaining channels
}